2.662708282470703
8.763044357299805
2.3811798095703125
3.094557762145996
2.6577277183532715
4.287359237670898
7.455550670623779
3.668522357940674
5.4600419998168945
7.937617301940918
4.794010162353516
2.8635880947113037
6.162429332733154
1.646205186843872
2.3257410526275635
1.837916374206543
2.9046742916107178
2.4583561420440674
6.835147380828857
5.674715518951416
8.974698066711426
1.8139506578445435
4.655925750732422
7.522446155548096
5.823359966278076
8.284696578979492
6.736337661743164
1.1688110828399658
6.118699073791504
4.859942436218262
3.0971789360046387
4.540063381195068
4.469700336456299
3.51499605178833
5.882256031036377
7.138156414031982
9.255261421203613
0.45487916469573975
5.086882591247559
2.7111377716064453
4.424264430999756
4.094635963439941
0.48206931352615356
4.383075714111328
7.757742404937744
7.7863569259643555
6.296380519866943
3.4063761234283447
1.0373239517211914
1.7278733253479004
2.6982200145721436
4.794868469238281
7.777701377868652
3.0050976276397705
8.116119384765625
0.8043670654296875
5.522745132446289
7.174012660980225
3.3727316856384277
2.850322723388672
4.341853618621826
7.059383869171143
0.9022160768508911
3.1790354251861572
7.119508743286133
7.262114524841309
1.436758041381836
7.860607147216797
7.823944091796875
5.365105628967285
3.5230894088745117
5.294256210327148
5.416553497314453
2.4519386291503906
7.2031168937683105
2.3123860359191895
3.5147175788879395
3.303391933441162
3.7978360652923584
5.166393756866455
5.24255895614624
3.586933135986328
2.390883445739746
2.9410653114318848
8.56480598449707
3.350985050201416
3.6453192234039307
3.374293327331543
6.148593902587891
4.916946887969971
2.9587619304656982
6.953187942504883
8.513879776000977
1.5450304746627808
5.434099197387695
4.958705425262451
3.7154767513275146
7.052165985107422
3.6156396865844727
4.889216423034668
6.743508338928223
3.3584275245666504
9.865556716918945
8.456719398498535
5.314619541168213
2.8262083530426025
6.651573181152344
5.024172306060791
7.854196071624756
7.804485321044922
5.101071834564209
8.178571701049805
6.8152852058410645
7.5061116218566895
2.1830317974090576
2.909907817840576
8.257551193237305
2.713068723678589
3.819521903991699
2.533508062362671
1.9540232419967651
2.696887493133545
1.9655393362045288
3.2793288230895996
5.820801258087158
7.690207481384277
1.5397262573242188
3.7741637229919434
7.93855094909668
6.022194862365723
4.714828968048096
2.1934218406677246
11.657569885253906
6.254310607910156
8.339232444763184
7.414230823516846
7.326103687286377
8.762411117553711
7.128253936767578
1.2963229417800903
5.495022296905518
6.387927055358887
6.133195877075195
9.013455390930176
0.9374643564224243
8.487262725830078
5.422613620758057
1.4340109825134277
5.32499885559082
8.865288734436035
3.400719404220581
2.4261422157287598
7.933736801147461
5.058819770812988
2.3695976734161377
1.5400164127349854
3.2705445289611816
3.790093183517456
7.268557071685791
9.291055679321289
0.33244025707244873
7.288092613220215
5.765318393707275
1.3951352834701538
6.280301570892334
1.4581713676452637
10.749479293823242
3.898704767227173
3.8985342979431152
2.457869052886963
6.257472038269043
5.014776229858398
7.8069634437561035
9.70250415802002
5.3761396408081055
7.454205513000488
1.4382766485214233
2.4150333404541016
6.6715545654296875
3.426589012145996
5.308254241943359
0.7574825882911682
5.072731971740723
1.2877471446990967
8.440155029296875
0.6201541423797607
7.072022438049316
7.342682361602783
9.967381477355957
5.807232856750488
8.040838241577148
4.385345458984375
8.899491310119629
1.8111040592193604
5.229304790496826
2.1175758838653564
2.1340441703796387
1.4049689769744873
5.295316696166992
1.575927495956421
4.832207202911377
2.826965093612671
1.7486767768859863
7.736204147338867
12.31733226776123
4.436524391174316
5.837855339050293
7.84080696105957
9.280681610107422
8.063447952270508
0.7767982482910156
7.667720794677734
8.137861251831055
7.868912220001221
5.708571434020996
1.3919742107391357
7.301091194152832
8.39375114440918
4.977083683013916
3.791688919067383
2.1994621753692627
1.9278028011322021
6.269912242889404
2.2754745483398438
3.437382459640503
4.300360202789307
8.563263893127441
2.0861611366271973
1.4063458442687988
3.4259371757507324
0.5922055244445801
1.5678189992904663
8.859878540039062
5.152498245239258
3.579286813735962
8.040904998779297
3.8760602474212646
5.548481464385986
0.7907779812812805
2.4819939136505127
1.882561206817627
2.8241324424743652
1.4418739080429077
2.6527438163757324
5.439859390258789
1.092899203300476
6.3097076416015625
4.155635833740234
1.2671787738800049
2.4048361778259277
1.9065970182418823
4.832796573638916
6.0887556076049805
7.195093154907227
4.7729597091674805
3.170583486557007
2.649970293045044
5.080430507659912
5.580141544342041
8.738386154174805
3.149179220199585
6.5553107261657715
1.130634069442749
4.191133499145508
5.858957767486572
3.290944814682007
5.845190048217773
2.94161319732666
5.087937355041504
8.411954879760742
4.495100975036621
4.543788909912109
4.647095680236816
7.620197296142578
5.688775539398193
1.4436829090118408
7.750308513641357
3.763561725616455
8.251211166381836
8.042699813842773
5.138899326324463
3.735740900039673
6.683215141296387
3.194005250930786
2.03376841545105
1.4472055435180664
3.406248092651367
4.835626125335693
7.057154655456543
2.250661849975586
1.3838708400726318
2.7649431228637695
8.479169845581055
7.574702262878418
7.321895122528076
3.360438823699951
7.243499279022217
5.502786636352539
5.062174320220947
5.2695512771606445
2.426326274871826
5.157919883728027
5.127187252044678
1.9685691595077515
5.435676097869873
7.7619733810424805
1.383963942527771
5.583672046661377
1.3171085119247437
7.756796360015869
1.3470631837844849
6.192923069000244
1.4687583446502686
0.6888642907142639
3.452265739440918
8.198325157165527
2.9766337871551514
4.287466526031494
2.080051898956299
2.357590436935425
3.4604430198669434
4.069281101226807
0.7866364121437073
7.878937721252441
5.630512237548828
0.8837195038795471
3.9872868061065674
3.3961195945739746
2.126955986022949
1.1268610954284668
7.545368671417236
2.2964725494384766
6.229449272155762
0.5490106344223022
3.2285544872283936
4.127397060394287
7.819662570953369
6.214828968048096
8.101333618164062
6.504856586456299
7.839078903198242
9.248602867126465
1.7105547189712524
0.9394280314445496
8.01603889465332
0.37525296211242676
4.734801292419434
6.491074562072754
3.3619978427886963
8.257184982299805
8.746628761291504
4.219688415527344
5.235432147979736
1.1487243175506592
8.164140701293945
3.273252248764038
4.174576282501221
2.962642192840576
5.554938316345215
7.890989303588867
6.925648212432861
6.807943820953369
8.680230140686035
6.847264766693115
1.8553917407989502
4.785087585449219
5.068749904632568
7.361001968383789
5.311951637268066
5.480372428894043
2.9273011684417725
3.1203341484069824
-0.02687966823577881
2.3903846740722656
4.583880424499512
7.043279647827148
5.815346717834473
2.1386258602142334
4.5376434326171875
6.309387683868408
1.7567377090454102
2.379802703857422
3.062065362930298
7.795804023742676
7.286422252655029
4.858531951904297
7.818862438201904
2.782219886779785
3.744767189025879
7.748023986816406
3.963494062423706
2.528812885284424
5.755786418914795
4.252870082855225
6.051046848297119
3.1895370483398438
1.3646607398986816
4.043725967407227
2.9827072620391846
5.157316207885742
2.290639877319336
3.7359395027160645
2.945279121398926
5.342401504516602
9.772345542907715
9.365382194519043
7.030795097351074
5.577166557312012
9.052133560180664
7.714546203613281
1.8985294103622437
7.703535079956055
2.8563690185546875
7.590450763702393
7.083359718322754
5.075321197509766
2.928609609603882
8.895076751708984
5.15834903717041
3.032921314239502
2.4923410415649414
2.137943744659424
1.907491683959961
5.204702377319336
2.07487154006958
2.172123432159424
8.056983947753906
8.098573684692383
4.535052299499512
8.865760803222656
3.2531044483184814
7.937653541564941
9.198576927185059
0.8069227337837219
7.8097920417785645
3.7457358837127686
6.458815574645996
1.206125020980835
3.1741068363189697
2.069532871246338
0.8833321928977966
2.5864992141723633
4.529812812805176
7.198880195617676
6.347675323486328
3.509841203689575
1.8342506885528564
4.03695011138916
4.265196800231934
1.2734042406082153
6.91639518737793
4.6397600173950195
8.848136901855469
2.68821382522583
7.823334693908691
6.02962589263916
6.079675197601318
8.398300170898438
8.00320816040039
8.12388801574707
5.57731294631958
2.7745962142944336
3.709526300430298
6.236716270446777
9.457752227783203
2.7509007453918457
2.2561330795288086
0.2572636008262634
6.991304397583008
3.8058829307556152
4.2197136878967285
4.4549880027771
3.897674798965454
2.2901172637939453
7.573644638061523
0.8653690218925476
9.040777206420898
8.847203254699707
5.201307773590088
3.2132580280303955
3.529846668243408
9.643167495727539
5.446677207946777
4.845822334289551
2.593252658843994
2.361755847930908
6.420588970184326
0.8979830145835876
2.996028184890747
8.374786376953125
8.07940673828125
4.637290954589844
5.490963459014893
11.432415962219238
3.7422194480895996
3.5130252838134766
8.554512023925781
5.3480401039123535
6.344067573547363
8.882741928100586
9.07575798034668
9.15381145477295
8.838095664978027
2.3684489727020264
6.788850784301758
3.927523136138916
4.289722442626953
2.1909546852111816
4.136490821838379
2.4154767990112305
6.253185749053955
2.2254278659820557
3.8155484199523926
4.696396827697754
2.983502149581909
7.357508182525635
1.8646976947784424
7.086676597595215
3.3063600063323975
4.6591691970825195
1.9439365863800049
1.507275104522705
2.6810078620910645
1.6937410831451416
2.4236702919006348
4.743111610412598
4.565587043762207
2.8373661041259766
1.065802812576294
11.721158027648926
3.55981707572937
7.590420722961426
5.899654388427734
0.3294278383255005
1.7150654792785645
4.451848030090332
9.240787506103516
5.1748809814453125
2.2494702339172363
1.2077186107635498
4.7343950271606445
7.051214694976807
0.28958868980407715
0.9593519568443298
2.570577383041382
7.00706672668457
1.1200997829437256
6.061282157897949
5.262209415435791
0.5478081107139587
1.4554725885391235
11.039765357971191
6.855741500854492
5.57490873336792
6.1978020668029785
1.6860603094100952
2.301008701324463
1.5660970211029053
0.2282775640487671
3.774890899658203
3.5147409439086914
6.652383327484131
9.042204856872559
4.789594650268555
0.8030041456222534
8.028703689575195
3.489779233932495
8.179544448852539
7.215586185455322
4.453588008880615
1.0733628273010254
9.885942459106445
4.311095714569092
9.277714729309082
10.93127727508545
7.296648025512695
1.5912433862686157
4.41140604019165
2.90561580657959
6.617955207824707
3.3938710689544678
0.7171212434768677
5.865809917449951
1.3961657285690308
6.750489234924316
0.9444046020507812
2.6932530403137207
0.7991732954978943
2.748725175857544
4.092235088348389
4.662363529205322
5.714259624481201
4.631200790405273
2.3094000816345215
8.775708198547363
2.716017723083496
7.892388820648193
1.43996262550354
4.174954414367676
3.2532007694244385
3.4896080493927
6.566912651062012
7.931353569030762
3.4494967460632324
1.1048860549926758
3.380842447280884
5.978564262390137
0.6492758393287659
6.5986833572387695
0.890051007270813
7.253812789916992
3.8236944675445557
4.331550598144531
4.238589286804199
2.1284945011138916
2.9301209449768066
2.530636787414551
2.0385518074035645
5.4962592124938965
2.2810826301574707
5.254817008972168
7.034822463989258
1.3990159034729004
7.144227981567383
3.4098782539367676
2.297879695892334
3.541168212890625
0.9675757884979248
8.471588134765625
6.054917335510254
7.484874248504639
7.480276584625244
5.9772629737854
7.906301021575928
4.522218227386475
9.721126556396484
2.3328821659088135
0.557424783706665
3.815518856048584
2.7991790771484375
0.26945096254348755
1.7026857137680054
2.2933549880981445
8.732388496398926
1.8049333095550537
3.904345750808716
4.945145130157471
3.0221149921417236
0.4401818811893463
9.594535827636719
4.833374977111816
7.808944225311279
0.9356090426445007
6.663796424865723
2.9300570487976074
3.6979610919952393
9.497302055358887
2.277751922607422
1.8381644487380981
1.0786793231964111
6.2118682861328125
7.36167573928833
1.1792051792144775
3.424123525619507
5.704145431518555
5.708250999450684
-0.008184194564819336
7.578814506530762
0.5504756569862366
4.260204792022705
3.930689811706543
1.1579569578170776
7.401888847351074
0.9383785724639893
5.552509307861328
5.976988792419434
4.129290580749512
3.4298996925354004
8.701494216918945
3.7816531658172607
0.7157379388809204
4.855079650878906
3.334646701812744
9.747809410095215
2.3248255252838135
7.051925182342529
7.0366106033325195
1.5895087718963623
4.6239333152771
4.062430381774902
4.367189884185791
4.819276809692383
2.7860472202301025
8.117894172668457
10.093976020812988
8.19990348815918
3.5234620571136475
4.581692695617676
1.0997350215911865
7.5776238441467285
10.179872512817383
1.589909553527832
3.528259038925171
6.436268329620361
5.2004547119140625
1.8121919631958008
2.341538667678833
0.919955313205719
0.9002893567085266
8.339491844177246
8.951600074768066
1.837526798248291
6.546555519104004
4.03981351852417
2.5360260009765625
6.999337673187256
0.9143722057342529
7.498319149017334
4.586387634277344
4.111363410949707
7.950779438018799
5.077694416046143
2.475597381591797
1.1275455951690674
8.796903610229492
7.163636684417725
3.743839979171753
1.188503384590149
3.8878402709960938
7.393904685974121
4.7095465660095215
6.465977668762207
3.2131452560424805
1.4215965270996094
3.807548999786377
3.0500710010528564
2.5890729427337646
3.291862964630127
5.183594703674316
2.2014787197113037
2.7846357822418213
9.905253410339355
6.760979175567627
5.37404727935791
2.2691290378570557
7.379617214202881
6.9007344245910645
10.30378532409668
6.320811748504639
0.5021487474441528
5.902318954467773
3.5891497135162354
2.1559720039367676
9.014625549316406
7.990838527679443
7.003911972045898
8.776203155517578
7.587026119232178
1.177189588546753
2.294990062713623
8.622735977172852
4.208690643310547
6.348118305206299
9.437261581420898
4.763803958892822
6.393795967102051
2.013768434524536
2.748098611831665
9.078240394592285
7.062047958374023
9.66773796081543
6.511823654174805
2.9100794792175293
6.6568922996521
5.496945381164551
4.907101631164551
7.586717128753662
7.256837844848633
3.9188246726989746
3.069396734237671
10.647927284240723
0.785291314125061
4.295686721801758
9.776193618774414
2.180163860321045
3.6491761207580566
7.341312885284424
1.6304986476898193
9.126705169677734
1.977611780166626
2.4972805976867676
2.854417324066162
1.9315170049667358
0.9922105669975281
7.155048847198486
7.258500099182129
5.531357765197754
6.979973793029785
8.124984741210938
4.186566352844238
5.331083297729492
10.462965965270996
3.0925803184509277
5.541968822479248
8.00932502746582
7.033714771270752
4.921515464782715
3.1951956748962402
5.149529933929443
1.016381859779358
5.26816987991333
7.012264251708984
1.5005245208740234
6.450667381286621
6.277525901794434
3.929230213165283
6.473101615905762
6.290356159210205
2.9789483547210693
1.153597116470337
7.788084983825684
8.484295845031738
8.522092819213867
5.970282077789307
1.2216624021530151
4.984163761138916
7.192200660705566
3.277698278427124
7.862403869628906
5.8686347007751465
9.013729095458984
3.8469247817993164
2.3953051567077637
4.161075592041016
5.454745292663574
2.4720511436462402
3.0064444541931152
2.3883538246154785
4.952130317687988
1.6696276664733887
4.286205291748047
7.451254367828369
6.215133190155029
1.2294166088104248
1.0267715454101562
3.149656295776367
2.440579414367676
2.8860549926757812
7.22309684753418
2.518437623977661
2.4947001934051514
4.9927520751953125
5.945040702819824
4.459887504577637
7.879293918609619
0.8467584252357483
4.350085258483887
4.566183567047119
5.102304458618164
7.663625717163086
8.364580154418945
4.42791748046875
4.33485746383667
6.533308029174805
5.926779747009277
4.142168045043945
2.3849587440490723
7.287064075469971
3.412191390991211
2.6530380249023438
3.0530426502227783
7.707735538482666
8.358895301818848
2.6106014251708984
3.4487292766571045
8.938263893127441
3.765838384628296
1.887502670288086
2.9427390098571777
4.251794815063477
1.1655770540237427
8.430736541748047
2.2281816005706787
10.730363845825195
2.8395981788635254
3.903583526611328
3.7537379264831543
2.73994779586792
5.91015625
2.193169116973877
5.635434150695801
4.968085765838623
3.5761239528656006
3.060133695602417
4.626402854919434
0.8704155683517456
6.241656303405762
9.572163581848145
4.72712516784668
0.9461756944656372
1.1016820669174194
3.9192111492156982
4.319969177246094
3.2911863327026367
0.6403502225875854
3.417316436767578
5.890041351318359
7.194453716278076
3.0514869689941406
1.4229662418365479
10.871286392211914
1.247358798980713
8.59924030303955
2.5948779582977295
8.13583755493164
4.9089274406433105
3.948575496673584
7.075933933258057
4.041220188140869
8.085023880004883
5.175553798675537
2.274545192718506
5.803981781005859
1.7372300624847412
0.6559725403785706
3.557600259780884
9.243152618408203
6.137818336486816
0.9920477867126465
2.9965474605560303
1.4800482988357544
8.241142272949219
2.09907603263855
0.2184547781944275
8.820239067077637
6.597452640533447
6.849040508270264
6.0191192626953125
9.192400932312012
3.298600435256958
5.11809778213501
6.31528377532959
6.672956943511963
1.2801576852798462
4.004834175109863
6.689599990844727
2.0931005477905273
3.4690442085266113
5.521193504333496
7.05312967300415
1.500171184539795
7.99867057800293
4.433828353881836
7.663882255554199
2.380618095397949
7.023789882659912
9.012916564941406
4.683532238006592
5.138216495513916
6.900121688842773
7.467409133911133
8.403646469116211
8.295906066894531
2.8567233085632324
1.7463703155517578
3.5976805686950684
2.3059616088867188
5.271559715270996
0.4613201320171356
4.417355537414551
3.444977283477783
2.1959943771362305
0.2976599931716919
1.0132209062576294
4.995945930480957
3.677053451538086
9.084809303283691
4.656262397766113
1.5063164234161377
7.756176948547363
1.8155128955841064
5.22819185256958
1.2921675443649292
2.6524510383605957
1.1402523517608643
6.24876070022583
2.6830453872680664
6.987427711486816
1.516876459121704
5.463828086853027
2.011240005493164
3.4410226345062256
6.303726673126221
3.0382261276245117
6.534861087799072
2.3246712684631348
7.338568210601807
7.150609970092773
8.14780044555664
7.944063186645508
