2.32682204246521
8.611642837524414
1.8760404586791992
3.3554790019989014
5.1440582275390625
4.898942470550537
5.97166633605957
2.7011005878448486
5.415192127227783
9.462054252624512
4.995321273803711
1.7866846323013306
7.530003070831299
1.060776948928833
1.4830704927444458
3.2296998500823975
2.800534725189209
3.671689510345459
8.381753921508789
4.263485431671143
5.962917327880859
0.6216583251953125
4.371886253356934
7.831984043121338
4.079648494720459
9.381712913513184
8.266380310058594
1.006054162979126
6.346437454223633
4.52872371673584
3.5137953758239746
3.3202643394470215
5.374074935913086
5.622600078582764
6.315055847167969
6.29806661605835
9.247335433959961
0.587689995765686
5.107581615447998
3.177966833114624
7.009495735168457
5.6226372718811035
1.4638168811798096
5.7566022872924805
8.131665229797363
10.072348594665527
5.48711633682251
4.386124610900879
0.6778380870819092
0.8124575614929199
2.243116617202759
6.558108329772949
7.8651227951049805
2.510977268218994
7.114177227020264
0.6624478101730347
5.551045894622803
6.1420111656188965
4.361173152923584
1.740692138671875
5.8900370597839355
7.42008638381958
1.853674054145813
6.182043075561523
6.264023303985596
7.288806438446045
1.7840149402618408
7.123751163482666
5.950098037719727
6.502490520477295
3.588566780090332
4.302279472351074
6.566044330596924
2.5899999141693115
7.074771881103516
1.8028777837753296
3.5887868404388428
2.832648515701294
3.0494399070739746
2.433349847793579
5.800714015960693
2.4883015155792236
3.1292026042938232
3.3303940296173096
8.408733367919922
3.104584217071533
2.4983465671539307
4.023290157318115
6.8451313972473145
4.009171962738037
4.774659633636475
7.664979457855225
8.545726776123047
3.1262857913970947
4.612293243408203
3.7006640434265137
4.081065654754639
5.367544174194336
3.860990047454834
5.626232624053955
7.888489723205566
3.667999267578125
6.869192600250244
7.917235374450684
6.370668888092041
4.154712200164795
7.627320766448975
6.186770915985107
7.868258476257324
7.673887729644775
4.3242058753967285
10.035347938537598
8.042211532592773
5.281680583953857
1.357809066772461
2.021692991256714
8.43580150604248
2.843162775039673
4.4155192375183105
2.3760197162628174
2.909681558609009
3.6692240238189697
2.2296299934387207
3.661048173904419
7.263371467590332
7.435309410095215
1.498154640197754
1.8013139963150024
9.847527503967285
7.918415546417236
5.8649492263793945
3.932225227355957
10.494714736938477
5.939291000366211
7.530805587768555
9.374271392822266
6.408941268920898
8.499207496643066
4.958655834197998
1.4982328414916992
7.875584125518799
6.79615592956543
6.845409393310547
10.454715728759766
1.4068272113800049
8.018939971923828
7.151367664337158
1.4784971475601196
6.2866997718811035
8.407917022705078
4.600221633911133
3.3690168857574463
6.933707237243652
6.756738662719727
1.531374216079712
4.193359851837158
3.2982001304626465
3.383176326751709
7.0830841064453125
9.088532447814941
0.17407089471817017
8.308156967163086
5.5835747718811035
1.9200949668884277
6.245635986328125
0.7638489007949829
8.398551940917969
5.4452643394470215
1.9890456199645996
3.9070374965667725
6.7949538230896
2.980354070663452
5.135012149810791
10.494492530822754
3.8397536277770996
8.093818664550781
4.429178237915039
2.3378047943115234
7.301433563232422
2.8093717098236084
7.245654582977295
0.6794348955154419
4.431095600128174
2.1679720878601074
9.03660774230957
0.5706213712692261
8.044899940490723
7.697113513946533
11.087686538696289
3.754774332046509
8.643186569213867
1.4338405132293701
7.730256080627441
1.205666184425354
3.0006184577941895
2.8662607669830322
2.2973084449768066
1.2656344175338745
6.510378837585449
1.5685944557189941
6.425300598144531
2.962242364883423
1.4038506746292114
7.659796237945557
12.166380882263184
5.111875534057617
9.37144660949707
7.04305362701416
5.98531436920166
8.334717750549316
0.970635175704956
8.147871017456055
8.297574996948242
7.115414142608643
3.1701691150665283
0.5896996259689331
6.578333854675293
7.427755832672119
4.530714511871338
5.674624919891357
3.563257932662964
1.5440046787261963
6.364623546600342
0.6317974925041199
1.8857769966125488
4.151231288909912
7.94545316696167
2.0719404220581055
3.617424964904785
4.691971778869629
1.9114532470703125
2.787224292755127
8.506210327148438
7.275019645690918
2.4206490516662598
7.657332897186279
2.380014419555664
7.757006645202637
1.5500329732894897
2.735060453414917
2.7914249897003174
5.544069766998291
1.5439367294311523
2.374542236328125
4.649557113647461
2.0641002655029297
6.293534278869629
7.471907138824463
0.5115639567375183
4.686020851135254
2.4228484630584717
4.646422863006592
7.467319965362549
6.392504692077637
6.659699440002441
2.3424794673919678
5.135420799255371
7.033390998840332
4.843027114868164
9.803857803344727
4.454693794250488
6.771321773529053
1.6907188892364502
5.36881160736084
6.001938343048096
2.771365165710449
6.565493583679199
2.6401450634002686
6.104222774505615
9.659728050231934
5.634092807769775
6.066856384277344
3.1345882415771484
7.578125
5.725712299346924
2.650516986846924
7.046292304992676
4.242415904998779
9.130806922912598
7.865540027618408
6.653142929077148
5.1053900718688965
7.334510803222656
3.4869801998138428
0.9410446882247925
1.2518123388290405
4.2297749519348145
5.254827499389648
6.612403392791748
3.1663906574249268
1.2678349018096924
2.7388720512390137
8.017523765563965
7.722288608551025
7.412418842315674
1.1406214237213135
9.377582550048828
4.815788269042969
4.236677169799805
6.472321033477783
2.5787599086761475
5.731584548950195
4.025923728942871
2.1352109909057617
3.212113857269287
7.18087100982666
2.306877613067627
5.301098346710205
0.9238120317459106
8.184154510498047
0.5307173728942871
7.6641669273376465
3.9170873165130615
1.4004998207092285
3.6270787715911865
7.265758991241455
2.9148857593536377
7.083780765533447
1.7415416240692139
2.655236005783081
5.209426403045654
4.223999977111816
0.980846107006073
8.685089111328125
5.893820285797119
2.2154929637908936
5.303874492645264
3.816948413848877
0.7188726663589478
2.001624822616577
5.634756088256836
2.900334358215332
5.550393104553223
1.4363086223602295
4.025799751281738
3.2568817138671875
9.370810508728027
6.526293754577637
7.0608439445495605
6.517711639404297
9.409912109375
8.27244758605957
0.980552613735199
1.144979476928711
8.579568862915039
1.2090030908584595
5.973052501678467
6.978936672210693
5.786487102508545
8.606602668762207
10.001052856445312
5.37267541885376
3.565117120742798
1.1916407346725464
7.431839466094971
3.942929267883301
3.113650321960449
3.0378963947296143
3.7922253608703613
8.496757507324219
6.269304275512695
6.715840816497803
8.201866149902344
6.800544261932373
0.9566560983657837
6.122109889984131
5.941558361053467
7.532671928405762
5.156456470489502
5.2300004959106445
1.160783290863037
2.2991292476654053
-0.5303176045417786
4.271736145019531
4.848044395446777
6.683597564697266
7.285492897033691
3.3295464515686035
4.946408271789551
5.035389423370361
2.310823917388916
4.180540084838867
4.752953052520752
8.780869483947754
8.06800365447998
4.776965618133545
5.580483913421631
2.1436727046966553
3.56878924369812
8.37319278717041
4.358820915222168
2.468752145767212
4.5716142654418945
4.89199686050415
4.779416084289551
2.713808059692383
0.5215017795562744
4.344067573547363
1.8236244916915894
3.2716314792633057
2.856085777282715
3.3897602558135986
4.672007083892822
3.789454698562622
8.759090423583984
10.144516944885254
8.17411994934082
5.898710250854492
8.51461410522461
7.2914652824401855
2.420196771621704
7.080532073974609
5.382559299468994
7.52966833114624
6.849676132202148
6.190011024475098
2.6910343170166016
9.216158866882324
6.175290584564209
2.46089506149292
0.5264061689376831
2.0859687328338623
1.6943118572235107
5.0885491371154785
1.4123810529708862
2.7405166625976562
8.37230396270752
9.040549278259277
6.45194149017334
6.827057838439941
1.3766080141067505
8.572425842285156
9.380210876464844
0.8929809927940369
8.287813186645508
4.596683502197266
7.081258296966553
1.5427520275115967
3.5243146419525146
1.6580779552459717
2.4943008422851562
3.7449920177459717
6.44247579574585
6.368030548095703
7.994977951049805
5.099293231964111
1.3234714269638062
3.64040207862854
4.07724666595459
3.443354606628418
7.787620544433594
3.1664726734161377
9.645487785339355
1.4398397207260132
8.06672477722168
4.744531154632568
6.466258525848389
6.579504489898682
8.131101608276367
7.766375541687012
4.493801116943359
2.6428720951080322
2.8755481243133545
5.427530288696289
8.712479591369629
2.8562374114990234
1.2463252544403076
0.36479341983795166
4.752125263214111
4.597659111022949
5.708972930908203
4.847301959991455
3.0503122806549072
4.205907344818115
8.057416915893555
1.9117472171783447
5.998946666717529
8.288447380065918
5.260566711425781
3.191845655441284
2.733921527862549
8.74734878540039
5.611760139465332
4.302737236022949
4.265079498291016
2.7728404998779297
5.719480514526367
1.1187880039215088
5.100149631500244
9.78771686553955
3.0142033100128174
5.09880256652832
5.795462608337402
9.51499080657959
4.21873664855957
2.1284077167510986
9.240089416503906
4.290414333343506
5.788376808166504
8.474068641662598
9.891101837158203
8.867973327636719
7.300886631011963
2.1543779373168945
5.8115386962890625
4.483226776123047
4.5513410568237305
0.9539164304733276
3.9263927936553955
2.339052200317383
6.342860221862793
3.647688627243042
3.958763837814331
4.036068439483643
2.4570415019989014
8.449119567871094
1.9154582023620605
7.293858528137207
4.69546365737915
6.382483005523682
1.9809620380401611
1.7892177104949951
1.4838367700576782
1.4166204929351807
3.7131664752960205
5.044642448425293
5.293758869171143
4.5133891105651855
1.1363364458084106
10.152303695678711
3.1838858127593994
8.54728889465332
5.553220748901367
1.6254971027374268
3.0605902671813965
4.01199197769165
9.324302673339844
3.019434928894043
3.870485305786133
0.7668333053588867
6.241842269897461
6.077300548553467
-1.2538037300109863
2.1866648197174072
3.69510555267334
7.39610481262207
2.496246337890625
5.179779052734375
6.475747585296631
0.8116214871406555
2.6397900581359863
8.732300758361816
6.559712886810303
7.056776523590088
7.7126688957214355
1.1723239421844482
1.071983814239502
1.526002049446106
0.2894367575645447
3.2762677669525146
4.274049282073975
6.647879600524902
9.684646606445312
4.6378960609436035
0.8487299680709839
9.400425910949707
2.3149330615997314
6.219067096710205
8.023649215698242
3.5679471492767334
0.9241371750831604
6.1179070472717285
3.2441985607147217
8.198883056640625
10.008151054382324
7.5442214012146
1.585303783416748
5.150753498077393
2.9674620628356934
6.875092506408691
3.7508208751678467
-0.05859333276748657
6.048545837402344
0.3499939441680908
6.520107269287109
2.1901371479034424
1.6204521656036377
1.0047929286956787
2.1345722675323486
5.032583713531494
4.584012031555176
6.0193939208984375
5.599554538726807
2.332298517227173
6.600754261016846
4.005899429321289
5.720156192779541
2.7945399284362793
1.547163963317871
1.921664834022522
4.44895601272583
6.364645481109619
7.535613536834717
3.733870506286621
2.1204729080200195
3.7904927730560303
5.519808769226074
0.9897992610931396
6.646278381347656
1.5510976314544678
5.373946666717529
3.8391294479370117
6.676613807678223
5.08347225189209
0.8072464466094971
2.8859007358551025
3.070004940032959
1.4324796199798584
5.575378894805908
3.758483409881592
6.168903827667236
7.374868392944336
2.626102924346924
8.196425437927246
3.402789354324341
3.030865430831909
4.723615646362305
1.410752773284912
7.507774829864502
5.928778171539307
7.460286617279053
7.207167625427246
6.699499130249023
8.455451011657715
5.232483863830566
7.987756252288818
2.4800639152526855
0.32197338342666626
6.087305545806885
2.7979683876037598
0.14078420400619507
1.67738676071167
1.7690367698669434
10.209755897521973
1.384150505065918
3.259978771209717
4.346688270568848
2.188645124435425
0.44058501720428467
8.867669105529785
3.827916145324707
5.387606143951416
0.9340332746505737
8.235811233520508
1.969587802886963
3.5484488010406494
10.629279136657715
2.805727958679199
2.3539466857910156
1.5768895149230957
6.009526252746582
2.5132908821105957
2.5280511379241943
3.7803714275360107
8.189901351928711
6.381345272064209
-0.1497374176979065
5.954525947570801
0.5372326374053955
4.3553619384765625
4.6000471115112305
1.9276397228240967
6.906957149505615
1.105743646621704
5.905930519104004
3.540027618408203
4.363524436950684
1.5410847663879395
8.136632919311523
3.59606671333313
0.7527573108673096
5.102041721343994
3.69234561920166
10.869793891906738
2.6294620037078857
7.134276390075684
7.108802795410156
2.830409288406372
6.424516677856445
5.71085262298584
3.7242376804351807
4.239686012268066
3.2276644706726074
8.084723472595215
11.724440574645996
7.489044666290283
1.4538041353225708
6.122873306274414
1.1838487386703491
5.338479995727539
10.437284469604492
1.845381498336792
1.9326651096343994
6.143929958343506
5.3737688064575195
1.8051397800445557
1.9470224380493164
1.7666122913360596
1.010806679725647
7.586953639984131
8.928756713867188
1.1494752168655396
5.476661205291748
7.190639495849609
2.507671594619751
7.712857723236084
1.874617099761963
7.843018054962158
4.577406883239746
5.179358959197998
6.53519344329834
3.0634965896606445
2.5680742263793945
1.2644402980804443
8.631033897399902
6.4807586669921875
5.299507141113281
1.7550182342529297
4.529622554779053
8.809212684631348
6.150921821594238
6.32357120513916
4.490904331207275
2.3181400299072266
4.093185901641846
3.2355778217315674
4.691523551940918
5.254866600036621
5.315267086029053
5.448265075683594
3.619968891143799
8.928418159484863
7.649691581726074
5.692134857177734
2.2221717834472656
8.12476921081543
6.455333709716797
10.703145027160645
5.38669490814209
0.10954517126083374
5.092554569244385
4.64353084564209
0.2773469090461731
7.7932868003845215
7.3610005378723145
7.4018683433532715
8.118742942810059
7.93983793258667
1.4847773313522339
3.2750091552734375
9.379754066467285
7.512322902679443
8.943483352661133
9.793968200683594
6.655686378479004
6.129002094268799
4.522115230560303
3.8768880367279053
9.142390251159668
5.797735691070557
10.038511276245117
5.2548441886901855
3.2121899127960205
6.9686174392700195
4.265880107879639
8.181305885314941
7.58269739151001
7.478549003601074
3.8794500827789307
4.781863689422607
7.276635646820068
0.6815119981765747
5.360352993011475
8.983465194702148
2.0385704040527344
3.0978055000305176
6.219322681427002
1.6317620277404785
7.947861671447754
1.9803261756896973
3.780754566192627
3.4656875133514404
2.5377683639526367
0.6422065496444702
9.401263236999512
9.444390296936035
4.92782735824585
7.253681659698486
8.928080558776855
4.630530834197998
6.106386661529541
10.146514892578125
3.131669282913208
4.24493932723999
8.916645050048828
5.097502708435059
8.053800582885742
4.100174903869629
4.803786754608154
1.2790946960449219
4.924086570739746
8.981666564941406
1.9616507291793823
5.164067268371582
7.468515872955322
5.104521751403809
3.9240379333496094
5.726786136627197
3.581500768661499
1.1055710315704346
8.06665325164795
10.215678215026855
9.634462356567383
4.5248026847839355
2.8232719898223877
4.409818649291992
7.704334259033203
5.497262954711914
6.9372687339782715
6.507177829742432
7.968563079833984
3.929553508758545
3.019239664077759
7.389927387237549
5.632716655731201
2.0526366233825684
3.5773186683654785
2.725796699523926
3.7230472564697266
1.6767637729644775
4.843247413635254
6.342548847198486
4.572857856750488
2.7830541133880615
0.8939189314842224
2.2125866413116455
2.5838282108306885
3.5765132904052734
4.044021129608154
2.6516339778900146
1.2124019861221313
3.712773561477661
5.635252475738525
4.767053127288818
8.67758846282959
1.4511535167694092
3.526015520095825
5.540543079376221
6.366309642791748
7.063203811645508
9.812893867492676
4.444245338439941
6.754775047302246
8.634716987609863
6.59997034072876
3.5429813861846924
2.755821704864502
7.352872371673584
4.922210216522217
5.0763678550720215
3.514752149581909
7.415202617645264
8.210285186767578
3.2880213260650635
4.179825782775879
9.700631141662598
2.1787643432617188
1.8011400699615479
2.3562638759613037
5.330788612365723
1.387637734413147
7.656236171722412
1.2627437114715576
9.460036277770996
6.946302890777588
5.475127696990967
6.2027153968811035
3.4598147869110107
4.18932580947876
1.8172228336334229
5.564437389373779
6.03815221786499
3.8394014835357666
3.7967042922973633
4.240398406982422
0.786045491695404
6.7963786125183105
8.08337688446045
6.223196983337402
1.4248487949371338
1.7231488227844238
4.190598487854004
2.7866289615631104
4.617218017578125
0.554507315158844
3.650438070297241
7.020236492156982
6.426579475402832
2.886322498321533
1.1771725416183472
9.355422019958496
0.25577616691589355
7.781609058380127
2.718244791030884
9.335247993469238
6.2090163230896
3.7681543827056885
7.713424205780029
4.422806262969971
7.383184909820557
4.924473285675049
2.172745943069458
5.256556987762451
1.3154687881469727
0.3269578814506531
4.276970863342285
8.65959644317627
5.158651828765869
1.5475735664367676
1.2612353563308716
2.205815553665161
6.864393711090088
2.7285056114196777
0.03299301862716675
9.92059326171875
7.8163065910339355
7.122921466827393
7.305943965911865
8.411553382873535
3.2203125953674316
4.754446506500244
5.20924186706543
7.001129627227783
1.112975001335144
2.579737424850464
6.311478137969971
3.1260228157043457
3.3645923137664795
3.6293997764587402
6.619748115539551
1.3842582702636719
7.360744476318359
4.571451663970947
6.882372856140137
2.4309351444244385
9.530257225036621
9.262158393859863
6.2438273429870605
2.9691436290740967
6.309423446655273
5.904809951782227
9.101394653320312
9.533798217773438
1.6418979167938232
1.9222540855407715
5.287146091461182
1.8575365543365479
4.297669887542725
-0.07294946908950806
3.9757444858551025
3.4654695987701416
1.6576539278030396
0.4367048740386963
0.796342134475708
6.318856239318848
5.521878719329834
9.086153984069824
3.880441427230835
2.0120930671691895
8.932771682739258
1.1371538639068604
4.345789909362793
2.3529934883117676
1.5404168367385864
1.5499393939971924
5.972347736358643
0.7420185804367065
5.234731197357178
1.2490158081054688
6.8994622230529785
2.6128175258636475
2.75358510017395
6.855848789215088
2.7563982009887695
7.506870746612549
5.649969100952148
6.620522975921631
7.776242256164551
7.763613224029541
6.9095377922058105
